[{"id": 0, "img_name": "r_0.png", "width": 800, "height": 800, "position": [-1.3261197625119248, -2.1992712825265204, 0.4774343431774449], "rotation": [[-0.8820952814706288, -0.3189249349639158, 0.34669121746233234], [0.4427890759208431, -0.31017452884724994, 0.8412666615880796], [-0.16076613030243034, 0.8955884364554116, 0.41481996556932194]], "fy": 1109.6609942596947, "fx": 1109.534717621032}, {"id": 1, "img_name": "r_1.png", "width": 800, "height": 800, "position": [0.4358236824311913, 0.07767869921401374, -1.9180096954567118], "rotation": [[0.6084710936845619, 0.7926355560285666, -0.03862387175825285], [-0.7368957473117257, 0.5824058419238805, 0.343202699416583], [0.2945294310322935, -0.18036715502613215, 0.9384668900092176]], "fy": 1109.6609942596947, "fx": 1109.534717621032}, {"id": 2, "img_name": "r_10.png", "width": 800, "height": 800, "position": [-0.5782352342527919, -2.8476235380763426, 2.6071004743559865], "rotation": [[-0.9824451779167032, -0.03601672166777855, 0.18304171149910925], [0.18077106346532773, 0.058558866733227626, 0.9817803632893329], [-0.04607922527378063, 0.9976340285331219, -0.05102009516790718]], "fy": 1109.6609942596947, "fx": 1109.534717621032}, {"id": 3, "img_name": "r_11.png", "width": 800, "height": 800, "position": [-3.374715068150372, -1.0428542420562927, 1.6558136981994422], "rotation": [[-0.5213139801027232, -0.31297966517358966, 0.7938988999471435], [0.7905374641325387, 0.17323480031939117, 0.5874012442625531], [-0.3213755621579715, 0.9338273037056307, 0.15711242758457858]], "fy": 1109.6609942596947, "fx": 1109.534717621032}, {"id": 4, "img_name": "r_12.png", "width": 800, "height": 800, "position": [3.0473064710900215, -1.459307034189042, 0.5014690113386588], "rotation": [[-0.5933460211303533, 0.5257044432566701, -0.609569797110202], [-0.7331576459070366, -0.04033174866473102, 0.6788617063126313], [0.33229559951469523, 0.849710649803708, 0.409354914656377]], "fy": 1109.6609942596947, "fx": 1109.534717621032}, {"id": 5, "img_name": "r_13.png", "width": 800, "height": 800, "position": [3.8375801574622526, -1.020792949114421, 1.360533161754318], "rotation": [[-0.492260857517597, 0.38253396035834397, -0.7818868315354855], [-0.7949108061919571, 0.16844953995134784, 0.5828735391913346], [0.3546774004011152, 0.9084561198333909, 0.22115926383935802]], "fy": 1109.6609942596947, "fx": 1109.534717621032}, {"id": 6, "img_name": "r_14.png", "width": 800, "height": 800, "position": [3.0417659197229194, 3.041007302506744, -0.978617629348149], "rotation": [[0.6727789444027595, 0.4210776646512674, -0.6083272904449902], [-0.6878246953896358, 0.6588524546308224, -0.3046483734391092], [0.27251730290105175, 0.6233835443439095, 0.7328896753678289]], "fy": 1109.6609942596947, "fx": 1109.534717621032}, {"id": 7, "img_name": "r_15.png", "width": 800, "height": 800, "position": [-0.1101590790031193, -0.44993007510942334, -1.6733889070943493], "rotation": [[-0.8301111285173167, -0.5517222702949132, 0.08073444600870686], [0.5224170037515075, -0.7189251073321115, 0.4585053590077317], [-0.19492559735192194, 0.4227874483805522, 0.8850168275173406]], "fy": 1109.6609942596947, "fx": 1109.534717621032}, {"id": 8, "img_name": "r_16.png", "width": 800, "height": 800, "position": [-3.146286804102013, -0.043039853491526815, -0.1686292238276765], "rotation": [[-0.16556483969934396, -0.6466798971010761, 0.7445759830538937], [0.9091130164959149, 0.1925427714549766, 0.3693789441726948], [-0.3822326609449128, 0.7380598836448017, 0.5560267988696167]], "fy": 1109.6609942596947, "fx": 1109.534717621032}, {"id": 9, "img_name": "r_17.png", "width": 800, "height": 800, "position": [1.1757999827595842, -2.781929099945072, 3.074266162771476], "rotation": [[-0.9766072825690825, 0.0774713018625187, -0.20059016182444758], [-0.18518408748261309, 0.17112146569762157, 0.9676901868473864], [0.10929350107057355, 0.9821993898212439, -0.15277201726269193]], "fy": 1109.6609942596947, "fx": 1109.534717621032}, {"id": 10, "img_name": "r_18.png", "width": 800, "height": 800, "position": [4.4027755245655, 1.9482157582467376, 0.46205747586373636], "rotation": [[0.23814216913506225, 0.3498575234729686, -0.9060287084574131], [-0.8959296694279358, 0.4392863474219151, -0.06585994539522388], [0.3749644446056141, 0.8274220315160054, 0.4180603389984867]], "fy": 1109.6609942596947, "fx": 1109.534717621032}, {"id": 11, "img_name": "r_19.png", "width": 800, "height": 800, "position": [1.358780233960371, 0.21599127560619494, -1.8289280356804163], "rotation": [[0.2637711749303825, 0.934151296859534, -0.24038744112681207], [-0.8899350308527549, 0.33181004943022213, 0.3129180914524109], [0.372075809663772, 0.1313904321964291, 0.9188558897837483]], "fy": 1109.6609942596947, "fx": 1109.534717621032}, {"id": 12, "img_name": "r_2.png", "width": 800, "height": 800, "position": [-3.8624107352696666, 3.177989888032633, 1.1193037024700594], "rotation": [[0.4203053708947883, -0.10457267761048188, 0.9013367574299677], [0.8294255186117125, 0.44709630271530354, -0.3349002913913291], [-0.3679629115450171, 0.8883520986611556, 0.2746522246981336]], "fy": 1109.6609942596947, "fx": 1109.534717621032}, {"id": 13, "img_name": "r_20.png", "width": 800, "height": 800, "position": [-1.342885062255881, -2.600602272794385, 1.7908061547348084], "rotation": [[-0.922306221487712, -0.1640864431727944, 0.3498955172218721], [0.36508188764535726, -0.07298408374676175, 0.9281101975697438], [-0.1267534974600811, 0.9837423253507737, 0.12721866291975453]], "fy": 1109.6609942596947, "fx": 1109.534717621032}, {"id": 14, "img_name": "r_21.png", "width": 800, "height": 800, "position": [2.3739843625722563, -2.064342063913162, 0.734511609792179], "rotation": [[-0.7822903699619499, 0.4174554273110473, -0.46233401699782745], [-0.5633848451824323, -0.15752561538703738, 0.8110383447875339], [0.2657429082469806, 0.89493946538606, 0.35841883322580936]], "fy": 1109.6609942596947, "fx": 1109.534717621032}, {"id": 15, "img_name": "r_22.png", "width": 800, "height": 800, "position": [0.49551811955747865, 0.30727272566247527, -1.9921110836166709], "rotation": [[0.7869472448877141, 0.6148524999417055, -0.051676271915367285], [-0.5766292196141752, 0.7626526187510155, 0.29301830352277564], [0.2195740805532005, -0.20079189831179203, 0.9547092943517222]], "fy": 1109.6609942596947, "fx": 1109.534717621032}, {"id": 16, "img_name": "r_23.png", "width": 800, "height": 800, "position": [-2.840007261659182, -1.7051110619472918, 2.6917744979179568], "rotation": [[-0.7222977443508566, -0.13990568642601128, 0.6772830777535573], [0.6440942877428241, 0.22054974488793552, 0.7324618478302679], [-0.2518501876170211, 0.9652897020768083, -0.06919012979997997]], "fy": 1109.6609942596947, "fx": 1109.534717621032}, {"id": 17, "img_name": "r_24.png", "width": 800, "height": 800, "position": [-2.6015544192330244, 4.268369293361663, -0.05024214709260852], "rotation": [[0.7657144837150104, -0.15122132767383553, 0.6251507334120445], [0.5817488260774862, 0.5773800203529763, -0.5728879606473357], [-0.2743166651636782, 0.8023493142975564, 0.5300810740440742]], "fy": 1109.6609942596947, "fx": 1109.534717621032}, {"id": 18, "img_name": "r_25.png", "width": 800, "height": 800, "position": [-3.451584569050969, 1.909066209995033, -0.2838149227523834], "rotation": [[0.3328654893970741, -0.4801174339284938, 0.8115958449908212], [0.863297666803195, 0.5014149511058161, -0.057447239269712444], [-0.37936486982930545, 0.719771002781767, 0.5813879935928533]], "fy": 1109.6609942596947, "fx": 1109.534717621032}, {"id": 19, "img_name": "r_26.png", "width": 800, "height": 800, "position": [-0.14182425981163055, 5.271716872664836, -0.38605840722243157], "rotation": [[0.9961173028818382, 0.00894658898291738, 0.0875801201471152], [0.0642216783336124, 0.6065993307016048, -0.7924095077826737], [-0.060215404436293675, 0.7949573639749089, 0.6036695242685667]], "fy": 1109.6609942596947, "fx": 1109.534717621032}, {"id": 20, "img_name": "r_27.png", "width": 800, "height": 800, "position": [1.2454272497663197, -2.4384767716855698, 0.575105368708536], "rotation": [[-0.9427243731449377, 0.2542786164733762, -0.21590076767549785], [-0.29574827319841307, -0.3377800879478125, 0.8935533398102905], [0.15428452669869533, 0.906226791366462, 0.3936359834047264]], "fy": 1109.6609942596947, "fx": 1109.534717621032}, {"id": 21, "img_name": "r_28.png", "width": 800, "height": 800, "position": [-4.074392712566282, 1.8211148716846695, 0.9284892484598732], "rotation": [[0.16726126889889872, -0.2708796987740618, 0.9479703881020776], [0.9043475118909984, 0.42509331942157436, -0.038095242743784404], [-0.3926566511125092, 0.863666520466795, 0.31607102961500355]], "fy": 1109.6609942596947, "fx": 1109.534717621032}, {"id": 22, "img_name": "r_29.png", "width": 800, "height": 800, "position": [-1.1399838128517497, -2.6198356866333823, 1.491082616540384], "rotation": [[-0.9372236949905671, -0.16764524087223218, 0.3057888466918299], [0.33042596449202516, -0.1465642241687821, 0.9323827594841712], [-0.11149182722398565, 0.9748917895883079, 0.19275780413659713]], "fy": 1109.6609942596947, "fx": 1109.534717621032}, {"id": 23, "img_name": "r_3.png", "width": 800, "height": 800, "position": [1.6247559415753279, -2.7204045695086037, 2.3564056199839385], "rotation": [[-0.9425186401618915, 0.1494944160042924, -0.29884784177054835], [-0.2957985135384483, 0.042762217875472304, 0.9542927392109904], [0.1554408322668904, 0.9878374422474107, 0.003916038594071313]], "fy": 1109.6609942596947, "fx": 1109.534717621032}, {"id": 24, "img_name": "r_30.png", "width": 800, "height": 800, "position": [-1.9447304413028728, -2.0565713611541523, 0.8376625834510266], "rotation": [[-0.7974116148603771, -0.36328376538400403, 0.4818294535353616], [0.5638668898133633, -0.16420274822456796, 0.8093772841189103], [-0.2149159069449485, 0.9170945225460236, 0.3357808655330307]], "fy": 1109.6609942596947, "fx": 1109.534717621032}, {"id": 25, "img_name": "r_31.png", "width": 800, "height": 800, "position": [0.28610133690453315, 5.119474802946181, -0.5979147578120783], "rotation": [[0.9994232272808649, 0.03342823659113232, -0.005980448972100888], [-0.02628156646828318, 0.6498595991652177, -0.759599750287476], [-0.021505627995337256, 0.7593188094412189, 0.6503633242990385]], "fy": 1109.6609942596947, "fx": 1109.534717621032}, {"id": 26, "img_name": "r_32.png", "width": 800, "height": 800, "position": [1.241739270031303, 5.436138866833974, 0.013251787484040324], "rotation": [[0.9746473263959793, 0.06199322884064401, -0.214987043160934], [-0.21565640645299863, 0.5163229958672502, -0.8287960414326593], [0.059623011538740486, 0.8541471790719554, 0.5166020644349693]], "fy": 1109.6609942596947, "fx": 1109.534717621032}, {"id": 27, "img_name": "r_33.png", "width": 800, "height": 800, "position": [0.6030505787878286, -2.654188686132068, 0.8340874704863821], "rotation": [[-0.9913061518845058, 0.10785671602280902, -0.07535941908419481], [-0.10698107746319407, -0.32728394671063504, 0.9388505031634822], [0.07659740400787905, 0.9387503113364515, 0.33597721747905585]], "fy": 1109.6609942596947, "fx": 1109.534717621032}, {"id": 28, "img_name": "r_34.png", "width": 800, "height": 800, "position": [-2.5110524362219575, -1.9458377140751968, 2.9839393179512586], "rotation": [[-0.7901199736724437, -0.09569377531219694, 0.6054363125633903], [0.5725683222487964, 0.2373670829817023, 0.7847435149613888], [-0.21880572104278886, 0.9666951790938322, -0.1327572489760493]], "fy": 1109.6609942596947, "fx": 1109.534717621032}, {"id": 29, "img_name": "r_35.png", "width": 800, "height": 800, "position": [-0.06362616392495203, -1.5197973293362088, -0.9051246638507581], "rotation": [[-0.9925759320193515, -0.09901770021990604, 0.0706294146873398], [0.12022749919903349, -0.7109473382075511, 0.6928919329390003], [-0.01839477132942362, 0.6962394540233687, 0.7175738673119162]], "fy": 1109.6609942596947, "fx": 1109.534717621032}, {"id": 30, "img_name": "r_36.png", "width": 800, "height": 800, "position": [0.12455204750618853, -0.5369924445457099, -1.6413919883425072], "rotation": [[-0.9990153843495878, 0.03316885704062363, 0.029463345965174387], [-0.015080332799831406, -0.8784486909529098, 0.47759866093380654], [0.04172343940150685, 0.47668409275508394, 0.8780839540264764]], "fy": 1109.6609942596947, "fx": 1109.534717621032}, {"id": 31, "img_name": "r_37.png", "width": 800, "height": 800, "position": [2.4397891323302177, -2.12833405341103, 0.9872488005585035], "rotation": [[-0.7908955019990717, 0.3835621720577686, -0.47682739548390246], [-0.5532483870547291, -0.11515856365640668, 0.8250180164323282], [0.26153494439362407, 0.9163070257195017, 0.30328354303869537]], "fy": 1109.6609942596947, "fx": 1109.534717621032}, {"id": 32, "img_name": "r_38.png", "width": 800, "height": 800, "position": [-2.336764993033415, 0.5695878268804186, -1.2338669852479045], "rotation": [[0.17155891127921077, -0.8052683049465795, 0.567547792709261], [0.9033342738983428, 0.35846975180186247, 0.23555599470967567], [-0.3931344929680498, 0.4722736432319441, 0.7889251398879241]], "fy": 1109.6609942596947, "fx": 1109.534717621032}, {"id": 33, "img_name": "r_39.png", "width": 800, "height": 800, "position": [0.8954660899033728, 1.1859828724412182, -2.1321790541847507], "rotation": [[0.8667791372149272, 0.4788980142010995, -0.13910650338208477], [-0.4686854406694516, 0.877589333189052, 0.10085097905958527], [0.17037571714721644, -0.022218331778929033, 0.9851286518721973]], "fy": 1109.6609942596947, "fx": 1109.534717621032}, {"id": 34, "img_name": "r_4.png", "width": 800, "height": 800, "position": [1.3965636178582734, 1.5990973847164698, -2.0556131540695852], "rotation": [[0.8020435046083162, 0.5430136926622936, -0.24872142307583847], [-0.5583559204569275, 0.8295344854184098, 0.010545311389964911], [0.21204924618188883, 0.13041728061447327, 0.9685176560656075]], "fy": 1109.6609942596947, "fx": 1109.534717621032}, {"id": 35, "img_name": "r_40.png", "width": 800, "height": 800, "position": [-2.0287572877460742, -1.399121404572925, -0.155316056178312], "rotation": [[-0.6366841264237404, -0.5867803193549639, 0.5003220762446178], [0.7160161723022771, -0.20898383180985122, 0.6660680138271672], [-0.28627637723297095, 0.7823136294733449, 0.5532008866393902]], "fy": 1109.6609942596947, "fx": 1109.534717621032}, {"id": 36, "img_name": "r_41.png", "width": 800, "height": 800, "position": [0.8351423381537348, 2.5375173425305926, -2.0744841985043507], "rotation": [[0.9650813375131083, 0.2296847178556078, -0.12594817333927397], [-0.25107140263118854, 0.9481888432824677, -0.19468196694985324], [0.07470718014165408, 0.2195059175927747, 0.9727466213650071]], "fy": 1109.6609942596947, "fx": 1109.534717621032}, {"id": 37, "img_name": "r_42.png", "width": 800, "height": 800, "position": [-2.5655446884198585, -1.808152139222645, 1.3521465757901847], "rotation": [[-0.7094374491144156, -0.3404890218481943, 0.6170621782242781], [0.6561576323173045, 0.0004316328408235963, 0.7546237309049059], [-0.25720744030019826, 0.9402483925505805, 0.2231082539043981]], "fy": 1109.6609942596947, "fx": 1109.534717621032}, {"id": 38, "img_name": "r_43.png", "width": 800, "height": 800, "position": [3.460007200417734, 1.1244759430239248, -0.8530714310670509], "rotation": [[0.2319661059131397, 0.6757757925510975, -0.6996562040812832], [-0.897349499280059, 0.4262827301393988, 0.1142230717794254], [0.3754405436940999, 0.6013402632344159, 0.7052902139997704]], "fy": 1109.6609942596947, "fx": 1109.534717621032}, {"id": 39, "img_name": "r_44.png", "width": 800, "height": 800, "position": [1.0931240236714497, -2.7841030748022346, 3.155698937727842], "rotation": [[-0.9807183093075845, 0.06968158944055891, -0.18258169098217614], [-0.1670696742753401, 0.18575286989576198, 0.9682890039977837], [0.1013869899267417, 0.9801226185628642, -0.17052956006238162]], "fy": 1109.6609942596947, "fx": 1109.534717621032}, {"id": 40, "img_name": "r_45.png", "width": 800, "height": 800, "position": [-3.167661864386616, 0.7661494612403397, -0.5239183178398901], "rotation": [[0.09823002705639355, -0.6549714836370624, 0.749241761654251], [0.9139285007252135, 0.3573060820696017, 0.19252807400022157], [-0.39380903664931816, 0.6658413619912305, 0.6336952921672998]], "fy": 1109.6609942596947, "fx": 1109.534717621032}, {"id": 41, "img_name": "r_46.png", "width": 800, "height": 800, "position": [2.3281958604976842, -2.364217082775208, 1.6358722708765165], "rotation": [[-0.846567460836936, 0.2801261770100353, -0.45260673791476524], [-0.4794846772619441, -0.032117949178654445, 0.8769623034153557], [0.23112329723139524, 0.9594257461076912, 0.16150622025974237]], "fy": 1109.6609942596947, "fx": 1109.534717621032}, {"id": 42, "img_name": "r_47.png", "width": 800, "height": 800, "position": [-1.6416755170542858, 1.6070560215324414, -1.784323114109], "rotation": [[0.6679928916206199, -0.6172808599965919, 0.41563185227577376], [0.6756881404962007, 0.7371348643518184, 0.008816379631831878], [-0.31181891144879115, 0.2749482344713166, 0.9094902060077376]], "fy": 1109.6609942596947, "fx": 1109.534717621032}, {"id": 43, "img_name": "r_48.png", "width": 800, "height": 800, "position": [-0.8706699855529887, -1.0483792530300464, -1.1412850449757521], "rotation": [[-0.7439672075904284, -0.6208000998632558, 0.2472246550000059], [0.6239589144371159, -0.512991174365884, 0.5895043071235077], [-0.23914026663143934, 0.5928299005891003, 0.7690023679046517]], "fy": 1109.6609942596947, "fx": 1109.534717621032}, {"id": 44, "img_name": "r_49.png", "width": 800, "height": 800, "position": [2.2491170608856823, -1.972901734653671, 0.3986433976921267], "rotation": [[-0.7737499022706721, 0.4607486200738685, -0.43476637155620745], [-0.5730097542229896, -0.21638172571267317, 0.7904674378764212], [0.270131283455718, 0.8607494745148734, 0.4314387926704498]], "fy": 1109.6609942596947, "fx": 1109.534717621032}, {"id": 45, "img_name": "r_5.png", "width": 800, "height": 800, "position": [3.7479763798051087, 1.9360556555121475, -0.5662362898029254], "rotation": [[0.3700324351445091, 0.5297712944852858, -0.7631633982840169], [-0.8586202944152593, 0.5087029988040833, -0.06318582931311104], [0.3547494706962613, 0.6786483880089285, 0.6431089942564986]], "fy": 1109.6609942596947, "fx": 1109.534717621032}, {"id": 46, "img_name": "r_50.png", "width": 800, "height": 800, "position": [4.645799495377887, 2.228108582738223, 1.2197747010744586], "rotation": [[0.2185083252623437, 0.17932125541820937, -0.9592173888886099], [-0.899892765867729, 0.41721017176688463, -0.12699875004571837], [0.3774216762852578, 0.8909430733382934, 0.2525337964323627]], "fy": 1109.6609942596947, "fx": 1109.534717621032}, {"id": 47, "img_name": "r_51.png", "width": 800, "height": 800, "position": [1.1205510358537683, -2.793396248028427, 1.6864842279177967], "rotation": [[-0.9711840623619669, 0.14566048045365207, -0.18863865311255162], [-0.2070590159687084, -0.12373956833472347, 0.9704715777056049], [0.11801729076782139, 0.9815658631301046, 0.15033421239849587]], "fy": 1109.6609942596947, "fx": 1109.534717621032}, {"id": 48, "img_name": "r_52.png", "width": 800, "height": 800, "position": [-1.4983857738707265, 0.8871107673010477, -1.779960960232943], "rotation": [[0.49713855619758235, -0.7779917112976844, 0.38416422672326467], [0.791683345499879, 0.5879140083049363, 0.16611622225701692], [-0.35509257440828396, 0.2215536413397981, 0.908197802028376]], "fy": 1109.6609942596947, "fx": 1109.534717621032}, {"id": 49, "img_name": "r_53.png", "width": 800, "height": 800, "position": [-1.1376004221624711, -1.5539106549814514, -0.5819711069579053], "rotation": [[-0.8120754325409335, -0.4973232493668465, 0.305291790755428], [0.5455974621518497, -0.46146985954914094, 0.6995491248090849], [-0.20701908404037472, 0.7346530843649245, 0.646086638521636]], "fy": 1109.6609942596947, "fx": 1109.534717621032}, {"id": 50, "img_name": "r_54.png", "width": 800, "height": 800, "position": [0.8186843083357411, -1.4012575197416115, -0.9902264409745579], "rotation": [[-0.9034668355210334, 0.41084394471143715, -0.12229035206243971], [-0.38150389478220903, -0.6405844119657981, 0.6664130771619339], [0.19545448416348793, 0.6487363595794352, 0.7354853366179412]], "fy": 1109.6609942596947, "fx": 1109.534717621032}, {"id": 51, "img_name": "r_55.png", "width": 800, "height": 800, "position": [-3.073722827514811, 2.017848484985734, -0.732417944708897], "rotation": [[0.4333464885254649, -0.5297984357569775, 0.7290572257046142], [0.8233624344578964, 0.5616710085070068, -0.08124025927019415], [-0.36644934493899073, 0.6354835132969081, 0.6796142890799185]], "fy": 1109.6609942596947, "fx": 1109.534717621032}, {"id": 52, "img_name": "r_56.png", "width": 800, "height": 800, "position": [-1.9644005334581887, 4.7674151301039, -0.12838928032598576], "rotation": [[0.8690827379335023, -0.09353966786549077, 0.4857422414837123], [0.44365488110341517, 0.5816950591713874, -0.6817633054137708], [-0.2187819487506271, 0.8080106364839572, 0.5470404648923772]], "fy": 1109.6609942596947, "fx": 1109.534717621032}, {"id": 53, "img_name": "r_57.png", "width": 800, "height": 800, "position": [0.20683707556537584, -0.20383485936961857, -1.8068844674656521], "rotation": [[-0.4781091834354694, 0.87822525887087, 0.011489273078051471], [-0.8008779028725915, -0.4412965539543155, 0.40478628454833476], [0.36056371615162314, 0.18433053504300154, 0.9143391386382258]], "fy": 1109.6609942596947, "fx": 1109.534717621032}, {"id": 54, "img_name": "r_58.png", "width": 800, "height": 800, "position": [-0.9367356185764866, 0.8282477957167943, -1.9649749444300708], "rotation": [[0.6685588540575585, -0.696212196632812, 0.2613764257176967], [0.6751967573234956, 0.7155854895468621, 0.17901604969894291], [-0.3116703347466367, 0.05679775004075811, 0.9484912324472098]], "fy": 1109.6609942596947, "fx": 1109.534717621032}, {"id": 55, "img_name": "r_59.png", "width": 800, "height": 800, "position": [-3.9603218151024318, -0.08304671624828204, 2.030675483890452], "rotation": [[-0.3279306654696274, -0.20290462088190594, 0.9226544279790871], [0.8722570064010816, 0.3100492726648924, 0.3782025426992715], [-0.3628073778589267, 0.9288160008014187, 0.07531031288202598]], "fy": 1109.6609942596947, "fx": 1109.534717621032}, {"id": 56, "img_name": "r_6.png", "width": 800, "height": 800, "position": [4.5765035815551505, 0.4744472472848539, 1.4270018882152937], "rotation": [[-0.1600110306145927, 0.28782606022590695, -0.9442206464256586], [-0.9064083918109744, 0.3359741437185975, 0.2560179720394612], [0.3909223674034258, 0.8968152172032919, 0.20712838737438483]], "fy": 1109.6609942596947, "fx": 1109.534717621032}, {"id": 57, "img_name": "r_60.png", "width": 800, "height": 800, "position": [2.3774146583149687, -2.409326043399444, 2.335769639323556], "rotation": [[-0.8635777291796494, 0.19945989932802646, -0.4630866595195468], [-0.4533786007547162, 0.09471875154447973, 0.8862709531985974], [0.22063850534894122, 0.9753174389222763, 0.00863384569450446]], "fy": 1109.6609942596947, "fx": 1109.534717621032}, {"id": 58, "img_name": "r_61.png", "width": 800, "height": 800, "position": [0.8960669141056725, 2.3073662114740032, -2.1062291841919287], "rotation": [[0.9518952849806797, 0.27294776392082803, -0.13926551835314577], [-0.2922086605168497, 0.9453903379079973, -0.14439947267615322], [0.09224676227651014, 0.1781477677682842, 0.9796703056072887]], "fy": 1109.6609942596947, "fx": 1109.534717621032}, {"id": 59, "img_name": "r_62.png", "width": 800, "height": 800, "position": [-0.49696557362422167, 4.018015007221677, -1.4603022851061254], "rotation": [[0.9831526220053759, -0.07797994850880598, 0.16531802525592368], [0.15391823046489245, 0.8410160795967028, -0.5186531906682428], [-0.09859056838516816, 0.5353607022282791, 0.8388496994903993]], "fy": 1109.6609942596947, "fx": 1109.534717621032}, {"id": 60, "img_name": "r_63.png", "width": 800, "height": 800, "position": [-1.3189456053693127, 2.644735228223925, -1.7994484399638764], "rotation": [[0.8666506332248688, -0.36038126547798066, 0.34502467074605464], [0.4475004908635824, 0.8672559045457727, -0.21819831967122513], [-0.22059009635019192, 0.34350042143057496, 0.9128786720420355]], "fy": 1109.6609942596947, "fx": 1109.534717621032}, {"id": 61, "img_name": "r_64.png", "width": 800, "height": 800, "position": [0.14636651497951267, -0.13683332376777568, -1.8338317155417603], "rotation": [[0.5284417306215413, 0.8486105529121173, 0.02468738187619549], [-0.786616077825238, 0.478484190312371, 0.39024098417254116], [0.31935009541966525, -0.22563911253881794, 0.9203817183365525]], "fy": 1109.6609942596947, "fx": 1109.534717621032}, {"id": 62, "img_name": "r_65.png", "width": 800, "height": 800, "position": [-0.42334226146092985, 0.45888062276743663, -1.9860859843681264], "rotation": [[0.7588874557260467, -0.6338714783280762, 0.14932105847410357], [0.588370776851086, 0.7656564761087887, 0.2599807484032642], [-0.27912301676733325, -0.10943998151887187, 0.9539985492420059]], "fy": 1109.6609942596947, "fx": 1109.534717621032}, {"id": 63, "img_name": "r_66.png", "width": 800, "height": 800, "position": [2.265648770005558, 3.3510148863088696, -1.3654753129738597], "rotation": [[0.8233919076682045, 0.3598754686176519, -0.4387657843015341], [-0.5311267610911635, 0.7609924998437191, -0.37255171296669265], [0.199825248753317, 0.5397963155384002, 0.817734558210574]], "fy": 1109.6609942596947, "fx": 1109.534717621032}, {"id": 64, "img_name": "r_67.png", "width": 800, "height": 800, "position": [-2.432062202016888, 3.6035161130014455, -0.7638250265071471], "rotation": [[0.756066415861242, -0.28664386725487606, 0.5883866655286338], [0.5918900979883293, 0.6831444749481373, -0.4277613099044835], [-0.2793379435560111, 0.6716762015383623, 0.6861642613666906]], "fy": 1109.6609942596947, "fx": 1109.534717621032}, {"id": 65, "img_name": "r_68.png", "width": 800, "height": 800, "position": [-0.3542449021242665, -2.291321076988389, 0.13955000971440343], "rotation": [[-0.9827674338845458, -0.1276415004251801, 0.13370047967450893], [0.17888466538971012, -0.4745252117900538, 0.8618735985421624], [-0.04656659086079279, 0.8709382703411384, 0.48918103179783035]], "fy": 1109.6609942596947, "fx": 1109.534717621032}, {"id": 66, "img_name": "r_69.png", "width": 800, "height": 800, "position": [0.18770132047839216, -2.9183526327998575, 2.044746327532421], "rotation": [[-0.9995855499387267, 0.02426210194783678, 0.015494475233651534], [0.013705614302325883, -0.07223626036620104, 0.9972933765070848], [0.025315696519932967, 0.9970924095074533, 0.0718737950322053]], "fy": 1109.6609942596947, "fx": 1109.534717621032}, {"id": 67, "img_name": "r_7.png", "width": 800, "height": 800, "position": [0.14320781391988827, -2.707629008680958, 0.9669285242180274], "rotation": [[-0.999539983448196, 0.01679933337656125, 0.025250819521018205], [0.018859720058516775, -0.30773272064383506, 0.9512859105465915], [0.023751472537387214, 0.9513245266696567, 0.30727432777415564]], "fy": 1109.6609942596947, "fx": 1109.534717621032}, {"id": 68, "img_name": "r_70.png", "width": 800, "height": 800, "position": [4.321174129667575, 3.088507506281263, 0.8444202026676029], "rotation": [[0.42636603138250645, 0.17152105638364662, -0.8881399295720069], [-0.836627703747129, 0.44806613549859237, -0.3151044644910048], [0.3438983754046208, 0.8773923098799049, 0.33453944753596326]], "fy": 1109.6609942596947, "fx": 1109.534717621032}, {"id": 69, "img_name": "r_71.png", "width": 800, "height": 800, "position": [-0.13101763507299563, -1.90334300526044, -0.48057699567243556], "rotation": [[-0.9916767850446828, -0.09646447399395397, 0.08527461087868764], [0.12681319029081695, -0.6172844911064117, 0.7764523628708738], [-0.02226137398515354, 0.78080372840847, 0.6243796672952484]], "fy": 1109.6609942596947, "fx": 1109.534717621032}, {"id": 70, "img_name": "r_72.png", "width": 800, "height": 800, "position": [-4.053681415771131, 2.430912824086927, 1.0753443685799033], "rotation": [[0.27623458835936304, -0.1838402454545158, 0.9433436364046542], [0.8802410500982631, 0.4424386600148282, -0.17153345401463266], [-0.38583694213467956, 0.8777532661719387, 0.2840405918326696]], "fy": 1109.6609942596947, "fx": 1109.534717621032}, {"id": 71, "img_name": "r_73.png", "width": 800, "height": 800, "position": [1.4656651013213797, -2.643044961159182, 1.3309366393286461], "rotation": [[-0.9399136275575402, 0.21657996591875872, -0.2639232674363032], [-0.30295163392399477, -0.1726340127382809, 0.9372394598760023], [0.15742515756513295, 0.9608801257225108, 0.22787431570294353]], "fy": 1109.6609942596947, "fx": 1109.534717621032}, {"id": 72, "img_name": "r_74.png", "width": 800, "height": 800, "position": [-2.303672040254475, -2.106322878345265, 2.924054008953151], "rotation": [[-0.8222838219663944, -0.10074669570973033, 0.5600887603192096], [0.5324872981153336, 0.21100466804700266, 0.8197159919192778], [-0.20076502055430326, 0.9722793494495009, -0.1198593891019172]], "fy": 1109.6609942596947, "fx": 1109.534717621032}, {"id": 73, "img_name": "r_75.png", "width": 800, "height": 800, "position": [1.1223463771301736, 0.9628140604776503, -2.066466415725595], "rotation": [[0.7451131534921724, 0.6396943383764332, -0.18867310868824907], [-0.6219695126721553, 0.7686072250226612, 0.14965580158926584], [0.2407494834871143, 0.0058384152045941095, 0.97056972913263]], "fy": 1109.6609942596947, "fx": 1109.534717621032}, {"id": 74, "img_name": "r_76.png", "width": 800, "height": 800, "position": [3.686878387509784, 2.986324597587185, -0.34182499706079383], "rotation": [[0.5503520167174557, 0.36802784896438706, -0.7494452348782237], [-0.7740461433023643, 0.5613883354727013, -0.29273828727026013], [0.312993970762641, 0.7412143004434252, 0.5938317397078057]], "fy": 1109.6609942596947, "fx": 1109.534717621032}, {"id": 75, "img_name": "r_77.png", "width": 800, "height": 800, "position": [-2.0028622380034777, 2.6681203494720576, -1.4641621473167943], "rotation": [[0.7495415424807477, -0.43970759403683496, 0.4948178531964256], [0.5987132453194953, 0.7691743376619015, -0.22341282004704446], [-0.2823648809157744, 0.46371119247729303, 0.8397868801051297]], "fy": 1109.6609942596947, "fx": 1109.534717621032}, {"id": 76, "img_name": "r_78.png", "width": 800, "height": 800, "position": [0.02293160354376172, 1.5274224658939397, -2.189621509665616], "rotation": [[0.9976843206850935, -0.04422660830689257, 0.05167207540628304], [0.04291407927062915, 0.9987340992516527, 0.02624082301194439], [-0.052767206288357314, -0.023962598140826342, 0.9983192955316768]], "fy": 1109.6609942596947, "fx": 1109.534717621032}, {"id": 77, "img_name": "r_79.png", "width": 800, "height": 800, "position": [1.0603352897559395, -1.1631501322116127, -1.1474573820868108], "rotation": [[-0.7871409178046703, 0.5914016183462094, -0.17508084228465712], [-0.5568159816809559, -0.5593037667973142, 0.6141133926165495], [0.2652642796576533, 0.5808815905705909, 0.7695527530155983]], "fy": 1109.6609942596947, "fx": 1109.534717621032}, {"id": 78, "img_name": "r_8.png", "width": 800, "height": 800, "position": [-1.213419657738694, 4.509130705816798, -0.872947399682965], "rotation": [[0.9399091642351652, -0.11362793481630873, 0.3219618850363097], [0.3013698417742507, 0.7192871571879318, -0.6259410547115973], [-0.16045865964701406, 0.6853573359451873, 0.7103086234943224]], "fy": 1109.6609942596947, "fx": 1109.534717621032}, {"id": 79, "img_name": "r_80.png", "width": 800, "height": 800, "position": [3.54483386167242, 2.912239802199458, -0.5431878574870993], "rotation": [[0.5672235188714677, 0.402315122206084, -0.7186097842942113], [-0.7639465029645032, 0.5829772573471812, -0.2766283753056882], [0.30764138253391043, 0.7058895521682284, 0.63802564203358]], "fy": 1109.6609942596947, "fx": 1109.534717621032}, {"id": 80, "img_name": "r_81.png", "width": 800, "height": 800, "position": [-2.1502946174786284, -2.2132197873813397, 1.8657141262864534], "rotation": [[-0.8182173902195192, -0.23106866748292962, 0.5264290771319738], [0.5377495091308347, 0.016256195466715622, 0.8429479233846502], [-0.2033365873912138, 0.9728016277826692, 0.11095596068478712]], "fy": 1109.6609942596947, "fx": 1109.534717621032}, {"id": 81, "img_name": "r_82.png", "width": 800, "height": 800, "position": [-0.5825673136256603, 2.3292018040631506, -2.068150394149897], "rotation": [[0.9562029442316046, -0.22761213767701505, 0.18403435609937263], [0.2560580658363598, 0.9550796551221472, -0.14918820091382187], [-0.14181042402783223, 0.18977767822865782, 0.971531901937958]], "fy": 1109.6609942596947, "fx": 1109.534717621032}, {"id": 82, "img_name": "r_83.png", "width": 800, "height": 800, "position": [2.2414448452938553, 0.6488070996410279, -1.6261473348042639], "rotation": [[0.2962768654544206, 0.8511531194105402, -0.43331095798999847], [-0.8817815394779763, 0.41808510345355937, 0.21832581823063596], [0.3669895579336738, 0.31740071453595314, 0.8744000519097155]], "fy": 1109.6609942596947, "fx": 1109.534717621032}, {"id": 83, "img_name": "r_84.png", "width": 800, "height": 800, "position": [-0.034293575250897664, -2.307348039169983, 0.10563183553684156], "rotation": [[-0.997247381138466, -0.03920953459644472, 0.0629307016423717], [0.07409409050726844, -0.4951690239090588, 0.8656313900921397], [-0.002779669831420901, 0.8679114299038123, 0.4967112071193363]], "fy": 1109.6609942596947, "fx": 1109.534717621032}, {"id": 84, "img_name": "r_85.png", "width": 800, "height": 800, "position": [0.5038557209497102, 3.4075624630065757, -1.8362462551373964], "rotation": [[0.9940915845688295, 0.09444582783570185, -0.05349679517375273], [-0.10780526717062074, 0.9165034788370481, -0.3852264238728433], [0.012646970376519727, 0.38871758242201676, 0.9212701532429443]], "fy": 1109.6609942596947, "fx": 1109.534717621032}, {"id": 85, "img_name": "r_86.png", "width": 800, "height": 800, "position": [-0.2415391190385821, -2.8730679427494117, 1.822254604959873], "rotation": [[-0.9935628045724673, -0.029190155841713923, 0.10945724357953522], [0.11215662879335526, -0.11757771662884756, 0.9867098718316626], [-0.015932482160754453, 0.9926345829933001, 0.12009471536214399]], "fy": 1109.6609942596947, "fx": 1109.534717621032}, {"id": 86, "img_name": "r_87.png", "width": 800, "height": 800, "position": [0.014150022017079128, -2.79697090222385, 1.285119410226264], "rotation": [[-0.998563686534045, -0.0037354197872612196, 0.05344726910282936], [0.05280546725903954, -0.23736980924493523, 0.9699830701030702], [0.009063474118229938, 0.9714121783764272, 0.23722612237878077]], "fy": 1109.6609942596947, "fx": 1109.534717621032}, {"id": 87, "img_name": "r_88.png", "width": 800, "height": 800, "position": [3.2765118938972537, -0.13786876529232986, -0.5563603917848556], "rotation": [[-0.15712028600651962, 0.7343615001255815, -0.660322953454243], [-0.9070904458870717, 0.15707936063297942, 0.390529124961926], [0.39051266138964386, 0.6603326900861711, 0.6414519465228378]], "fy": 1109.6609942596947, "fx": 1109.534717621032}, {"id": 88, "img_name": "r_89.png", "width": 800, "height": 800, "position": [1.3126346142070666, -2.798513625864186, 2.121063205544402], "rotation": [[-0.9629399086992878, 0.1399557856765416, -0.23056259516640917], [-0.23598247344844353, -0.023221875476969245, 0.9714798076771781], [0.13061012387775378, 0.9898854087999247, 0.05538838312898958]], "fy": 1109.6609942596947, "fx": 1109.534717621032}, {"id": 89, "img_name": "r_9.png", "width": 800, "height": 800, "position": [-2.3584373459474963, -2.0981167354491403, 2.1159084178047647], "rotation": [[-0.7927109228525092, -0.2104512590538876, 0.5721185719350111], [0.5693134106550534, 0.07992939721288307, 0.8182258440733191], [-0.2179257516647208, 0.9743313394445539, 0.05645181784094978]], "fy": 1109.6609942596947, "fx": 1109.534717621032}, {"id": 90, "img_name": "r_90.png", "width": 800, "height": 800, "position": [1.923721784464402, -2.5730139957408347, 2.9740965237688126], "rotation": [[-0.9240976303725609, 0.11590785553678551, -0.36415510234607573], [-0.34024936539747097, 0.18430569802118388, 0.9220964044087484], [0.17399407715906767, 0.9760106447686868, -0.13087888451456361]], "fy": 1109.6609942596947, "fx": 1109.534717621032}, {"id": 91, "img_name": "r_91.png", "width": 800, "height": 800, "position": [3.5809470091786633, -1.4536988274614469, 1.829933711035158], "rotation": [[-0.6159424792566136, 0.30606125015910635, -0.7259072760334206], [-0.7172297593209217, 0.16330205823420324, 0.6774318490600554], [0.32587779088435703, 0.9379013535161987, 0.11893156217259349]], "fy": 1109.6609942596947, "fx": 1109.534717621032}, {"id": 92, "img_name": "r_92.png", "width": 800, "height": 800, "position": [-2.4805109764087994, 4.457977181675606, 0.022973474748498406], "rotation": [[0.7916007039246553, -0.12235093882838606, 0.5986639903266296], [0.5517487090524043, 0.5641299884983402, -0.6142725112976062], [-0.2625674915235996, 0.8165706361636299, 0.5140726685502055]], "fy": 1109.6609942596947, "fx": 1109.534717621032}, {"id": 93, "img_name": "r_93.png", "width": 800, "height": 800, "position": [-3.566375244308802, 0.32280400966569783, 0.24762482784050618], "rotation": [[-0.10152080643982925, -0.5383188861607332, 0.8366040297909605], [0.9162628586236677, 0.27696391979537366, 0.28940172950133974], [-0.38749954808566084, 0.7959294968364029, 0.4651240009923796]], "fy": 1109.6609942596947, "fx": 1109.534717621032}, {"id": 94, "img_name": "r_94.png", "width": 800, "height": 800, "position": [0.5475016099366906, 0.46992437329171716, -2.0368683659038016], "rotation": [[0.8317238086897355, 0.5516017274155623, -0.06301619133848008], [-0.5204604948513823, 0.8141718072285399, 0.2573813155869469], [0.1932779846689597, -0.1812727299578755, 0.9642529844475072]], "fy": 1109.6609942596947, "fx": 1109.534717621032}, {"id": 95, "img_name": "r_95.png", "width": 800, "height": 800, "position": [-4.059423881750463, 2.2152828346653353, 0.9868807675439982], "rotation": [[0.241799577118295, -0.2217651742514986, 0.9446444685672043], [0.88943878272528, 0.43979272940855346, -0.12442269464831138], [-0.3878551485923393, 0.8702887811804639, 0.30358824262780176]], "fy": 1109.6609942596947, "fx": 1109.534717621032}, {"id": 96, "img_name": "r_96.png", "width": 800, "height": 800, "position": [1.9417282930494346, -2.5876736661001445, 2.7985530321005028], "rotation": [[-0.9203821797169482, 0.13209831714339354, -0.36803081102994845], [-0.3483516285831552, 0.15053043428905696, 0.92519821185312], [0.17761696462596602, 0.9797400792866598, -0.09252886531470544]], "fy": 1109.6609942596947, "fx": 1109.534717621032}, {"id": 97, "img_name": "r_97.png", "width": 800, "height": 800, "position": [0.5642259608166563, -0.40432925636870776, -1.7030750599581599], "rotation": [[-0.526852844674531, 0.8473404459114794, -0.0666351917599792], [-0.7744065274455715, -0.44623269670861765, 0.4485208029042197], [0.35031501581868496, 0.28790718836230816, 0.8912849379302138]], "fy": 1109.6609942596947, "fx": 1109.534717621032}, {"id": 98, "img_name": "r_98.png", "width": 800, "height": 800, "position": [-4.247944736086182, 1.540575718083954, 1.6087616366989543], "rotation": [[0.04529329469849725, -0.16267527408485594, 0.9856395247030081], [0.9173882025707533, 0.39730411913799246, 0.023416291337147725], [-0.3954078947610395, 0.9031534709657052, 0.16723158984845465]], "fy": 1109.6609942596947, "fx": 1109.534717621032}, {"id": 99, "img_name": "r_99.png", "width": 800, "height": 800, "position": [1.581017263996613, 2.923826775444952, -1.8130999598170912], "rotation": [[0.8922424177208406, 0.3468998420701242, -0.2890743288349759], [-0.4251922004262168, 0.8609700270951459, -0.2791813123052749], [0.15203637958193045, 0.3720095590378107, 0.9156930857378539]], "fy": 1109.6609942596947, "fx": 1109.534717621032}]